Testing s2
('s2', [7.79, 1.22, 0.76, 0.77, 7.74, 0.69, 0.58, 1.36, 0.59, 2.84, 2.97, 4.91, 5.7, 0.83, 1.1, 3.72, 3.95, 5.03, 2.34, 8.47, 0.84, 0.87, 0.74, 4.23, 5.28, 0.73, 1.11, 0.84, 5.64, 0.82, 4.05])

Testing s2,s3
('s2,s3', [3.93, 3.77, 3.56, 1.21, 10.1, 2.32, 2.05, 4.08, 2.84, 3.14, 3.83, 3.68, 0.67, 0.72, 5.17, 4.69, 1.15, 0.89, 9.27, 11.3, 0.82, 9.95, 0.55])

Testing s2,s3,s4
('s2,s3,s4', [3.81, 3.45, 0.71, 3.31, 3.56, 3.49, 0.7, 3.54, 4.02, 4.01, 3.25, 5.77, 4.14, 0.81, 0.22, 0.2, 0.23, 0.19, 0.19, 0.2, 0.2, 0.18, 0.18, 0.18, 0.18, 0.19, 0.22, 0.17, 0.15, 0.18])

Testing s2,s3,s4,s5
('s2,s3,s4,s5', [0.1, 0.1, 0.09, 0.09, 0.1, 0.09, 0.08, 0.08, 0.08, 0.08, 0.08, 0.08, 0.08, 0.07, 0.07, 0.07, 0.07, 0.07, 0.07, 0.06, 0.07, 0.07, 0.07, 0.07, 0.07, 0.06, 0.06, 0.06, 0.05])

Testing s3
('s3', [6.46, 4.81, 0.9, 0.85, 9.54, 4.72, 0.82, 4.84, 0.97, 0.99, 8.79, 0.66, 0.91, 0.58, 0.86, 8.63, 1.28, 6.07, 3.7, 0.71, 0.8, 5.59, 4.11, 0.78, 2.21, 2.87, 3.42, 2.8])

Testing s3,s4
('s3,s4', [3.46, 3.73, 4.1, 0.73, 3.5, 3.96, 3.08, 2.72, 2.41, 3.47, 2.69, 5.69, 5.59, 0.22, 0.2, 0.21, 0.19, 0.2, 0.21, 0.21, 0.18, 0.18, 0.21, 0.16, 0.21, 0.16, 0.16, 0.18, 0.19])

Testing s3,s4,s5
('s3,s4,s5', [2.88, 2.76, 3.17, 2.48, 2.85, 2.72, 2.56, 3.12, 0.76, 8.71, 0.65, 0.78, 3.9, 4.19, 3.19, 0.21, 0.21, 0.21, 0.18, 0.19, 0.18, 0.18, 0.2, 0.22, 0.22, 0.2, 0.19, 0.2, 0.18, 0.18, 0.18])

Testing s4
('s4', [9.92, 0.67, 0.66, 2.85, 4.86, 3.0, 0.57, 2.6, 4.56, 3.39, 0.73, 0.67, 4.29, 0.7, 5.63, 1.8, 3.67, 3.02, 2.81, 2.18, 5.75, 2.84, 0.51, 5.64, 5.63, 1.22, 10.1])

Testing s4,s5
('s4,s5', [3.26, 2.31, 2.77, 2.95, 2.84, 3.12, 2.32, 3.02, 2.58, 0.65, 2.14, 5.92, 3.76, 3.38, 4.14, 3.13, 2.74, 3.03, 2.38, 6.17, 5.13, 2.42, 3.05, 5.92, 5.56, 3.28, 2.56])

Testing s5
('s5', [4.36, 5.36, 1.02, 11.2, 3.73, 3.25, 0.57, 3.75, 4.27, 3.93, 3.1, 0.9, 0.87, 4.71, 4.85, 2.91, 4.67, 0.53, 3.24, 5.68, 5.61, 6.31, 4.98])

